1.000000000 0.000000000 0.000000000 0.000000000 0.000000000 1.000000000 0.000000000 0.000000000 0.000000000 0.000000000 1.000000000 0.000000000
0.999992132 0.000550538 0.003931004 0.009354676 -0.000550523 0.999999821 -0.000004705 0.025501179 -0.003931006 0.000002541 0.999992251 0.194519073
0.999970853 0.001262963 0.007528125 0.020711208 -0.001264336 0.999999166 0.000177643 0.051003058 -0.007527894 -0.000187156 0.999971628 0.410468280
0.999939740 0.001580823 0.010863109 0.033950388 -0.001583311 0.999998748 0.000220488 0.078491792 -0.010862747 -0.000237675 0.999940991 0.609694660
0.999897361 0.002133164 0.014168511 0.040998425 -0.002139753 0.999997616 0.000449901 0.107124731 -0.014167517 -0.000480172 0.999899507 0.828632832
0.999849319 0.002763566 0.017136170 0.054761954 -0.002773585 0.999996006 0.000560942 0.129307240 -0.017134551 -0.000608386 0.999853015 1.030239701
0.999788404 0.003423358 0.020282393 0.062535062 -0.003434292 0.999993980 0.000504284 0.153703347 -0.020280546 -0.000573833 0.999794185 1.240500689
0.999721646 0.004770448 0.023105605 0.078816622 -0.004784539 0.999988377 0.000554599 0.187522456 -0.023102691 -0.000664994 0.999732852 1.472161889
0.999652445 0.005126868 0.025859926 0.098393902 -0.005149960 0.999986410 0.000826425 0.211992100 -0.025855336 -0.000959315 0.999665260 1.708231926
0.999557495 0.006075319 0.029118311 0.100334704 -0.006104339 0.999980927 0.000907828 0.252996892 -0.029112240 -0.001085175 0.999575555 1.929342389
0.999479949 0.006415281 0.031601757 0.134883270 -0.006467130 0.999977887 0.001538787 0.259923667 -0.031591184 -0.001742359 0.999499381 2.159492731
0.999398649 0.006470457 0.034065779 0.166746691 -0.006521120 0.999977767 0.001376311 0.311375946 -0.034056120 -0.001597631 0.999418616 2.384410381
0.999312162 0.006571240 0.036496647 0.187790573 -0.006629389 0.999976933 0.001472494 0.341638833 -0.036486130 -0.001713431 0.999332666 2.632142305
0.999217272 0.007781643 0.038785338 0.173086375 -0.007866792 0.999966979 0.002043260 0.341047883 -0.038768157 -0.002346777 0.999245465 2.812772274
0.999117076 0.008503831 0.041142132 0.203706384 -0.008587920 0.999961317 0.001867536 0.371404290 -0.041124664 -0.002219212 0.999151528 3.023537159
0.998998225 0.008539282 0.043927550 0.203767031 -0.008643546 0.999960244 0.002184207 0.398279965 -0.043907151 -0.002561708 0.999032319 3.271778345
0.998892248 0.008599699 0.046265155 0.223942310 -0.008724606 0.999958813 0.002498529 0.424687505 -0.046241764 -0.002899406 0.998926044 3.489411592
0.998766243 0.008332516 0.048953954 0.243414044 -0.008484651 0.999959767 0.002900721 0.453668028 -0.048927814 -0.003312499 0.998796761 3.739974260
0.998638988 0.008504299 0.051458091 0.275483936 -0.008661733 0.999958515 0.002837205 0.492816985 -0.051431824 -0.003279060 0.998671114 3.978873253
0.998514295 0.008898387 0.053761352 0.282756269 -0.009074166 0.999954224 0.003026426 0.512552738 -0.053731974 -0.003509770 0.998549163 4.209330559
0.998399913 0.009152877 0.055802301 0.304098338 -0.009328559 0.999952257 0.002888595 0.551757932 -0.055773206 -0.003404528 0.998437583 4.460397243
0.998295546 0.009074843 0.057651799 0.326781303 -0.009244724 0.999953628 0.002680626 0.576142251 -0.057624802 -0.003209031 0.998333156 4.697057247
0.998177290 0.009330334 0.059624065 0.343896389 -0.009484455 0.999952376 0.002302392 0.609227717 -0.059599750 -0.002863697 0.998218179 4.949689388
0.998068810 0.009587060 0.061373945 0.353584081 -0.009733520 0.999950469 0.002087839 0.645377338 -0.061350886 -0.002681192 0.998112679 5.198749542
0.997970283 0.009857650 0.062913962 0.373952836 -0.010023501 0.999947011 0.002321098 0.668693721 -0.062887736 -0.002947005 0.998016298 5.447430134
0.997887731 0.009540502 0.064257614 0.403445661 -0.009707019 0.999950290 0.002279697 0.706523240 -0.064232655 -0.002898632 0.997930765 5.709051609
0.997795522 0.009961138 0.065611556 0.430179268 -0.010124478 0.999946415 0.002157436 0.744289756 -0.065586552 -0.002816962 0.997842908 5.975981712
0.997694969 0.010429112 0.067052923 0.447979897 -0.010609734 0.999940991 0.002338189 0.775738716 -0.067024589 -0.003044213 0.997746766 6.230998039
0.997612715 0.010782426 0.068210311 0.475058287 -0.010974487 0.999936819 0.002441609 0.809511781 -0.068179667 -0.003184354 0.997668028 6.505333424
0.997532725 0.011359884 0.069277540 0.482564330 -0.011536940 0.999931097 0.002156157 0.843415976 -0.069248274 -0.002950088 0.997595072 6.759024143
0.997484148 0.011591927 0.069935821 0.509245932 -0.011771425 0.999928415 0.002155020 0.879617631 -0.069905840 -0.002972843 0.997549176 7.028048038
0.997431874 0.011043423 0.070765339 0.525676370 -0.011234133 0.999934196 0.002297505 0.911019981 -0.070735328 -0.003086592 0.997490287 7.298813343
0.997398436 0.010769032 0.071277440 0.554785907 -0.010954487 0.999937534 0.002211479 0.952368081 -0.071249172 -0.002986534 0.997454047 7.588710308
0.997353673 0.011370831 0.071807869 0.583009124 -0.011545364 0.999931276 0.002015934 0.986787558 -0.071780026 -0.002839647 0.997416377 7.867448330
0.997276366 0.012142640 0.072748676 0.605600417 -0.012304738 0.999922693 0.001780417 1.028467417 -0.072721437 -0.002670721 0.997348666 8.154664993
0.997215033 0.012462615 0.073531762 0.617093623 -0.012659163 0.999917388 0.002207511 1.064962864 -0.073498175 -0.003132214 0.997290373 8.430438995
0.997126043 0.013059894 0.074628368 0.636935472 -0.013299784 0.999907911 0.002718374 1.101662517 -0.074585997 -0.003703102 0.997207642 8.713430405
0.997042775 0.013703872 0.075616948 0.668972611 -0.013974139 0.999897718 0.003046185 1.145375490 -0.075567484 -0.004093858 0.997132301 9.024996758
0.996907294 0.014470275 0.077242851 0.685969830 -0.014789995 0.999884307 0.003568654 1.189019322 -0.077182278 -0.004700039 0.997005880 9.329924583
0.996802211 0.014361504 0.078607701 0.721306384 -0.014736136 0.999882638 0.004187808 1.223621607 -0.078538321 -0.005332790 0.996896863 9.631417274
0.996670067 0.014802208 0.080185361 0.738208830 -0.015213387 0.999874055 0.004519323 1.260074973 -0.080108397 -0.005724166 0.996769726 9.931070328
0.996573448 0.014733560 0.081389681 0.787716806 -0.015143934 0.999875546 0.004427052 1.304261088 -0.081314340 -0.005644443 0.996672571 10.235401154
0.996438146 0.014514842 0.083068751 0.815737963 -0.014982337 0.999875247 0.005007180 1.345941901 -0.082985714 -0.006233910 0.996531248 10.561293602
0.996268511 0.015011796 0.084992528 0.831355333 -0.015547889 0.999863148 0.005649108 1.385017037 -0.084896095 -0.006949482 0.996365607 10.883765221
0.996156752 0.014665687 0.086351112 0.876051188 -0.015263099 0.999863863 0.006262217 1.426837802 -0.086247534 -0.007556136 0.996245027 11.204380989
0.996012747 0.014479671 0.088027552 0.906991303 -0.015150163 0.999861002 0.006953496 1.459606528 -0.087914623 -0.008259402 0.996093810 11.510553360
0.995865405 0.014703772 0.089643121 0.925507426 -0.015450352 0.999851406 0.007640113 1.498396158 -0.089517459 -0.008993544 0.995944560 11.783915520
0.995726347 0.014775838 0.091163203 0.963067770 -0.015557536 0.999847949 0.007870010 1.539622188 -0.091033049 -0.009254651 0.995804846 12.093751907
0.995575190 0.015310111 0.092712469 0.993217945 -0.016112160 0.999838889 0.007908557 1.577077508 -0.092576459 -0.009367363 0.995661438 12.421476364
0.995420218 0.015433924 0.094341353 1.031492352 -0.016247062 0.999837101 0.007857032 1.619702339 -0.094204731 -0.009353818 0.995508909 12.730415344
0.995276988 0.015564300 0.095819816 1.065565825 -0.016437491 0.999830246 0.008330208 1.657499671 -0.095673904 -0.009865901 0.995363772 13.064129829
0.995101750 0.015827350 0.097580485 1.093970776 -0.016716106 0.999825835 0.008297075 1.705644369 -0.097432159 -0.009887599 0.995193005 13.376302719
0.994942665 0.016240176 0.099122152 1.130612969 -0.017147856 0.999818385 0.008312077 1.746540785 -0.098969162 -0.009969772 0.995040536 13.691284180
0.994786501 0.016617978 0.100615576 1.169628859 -0.017508719 0.999814868 0.007976309 1.793718457 -0.100464404 -0.009696376 0.994893372 14.020809174
0.994601607 0.016809940 0.102395825 1.195193291 -0.017744737 0.999808669 0.008225167 1.842628121 -0.102237977 -0.009997752 0.994709671 14.349545479
0.994462371 0.016350200 0.103813171 1.244410992 -0.017345918 0.999811769 0.008695848 1.884426355 -0.103651442 -0.010448428 0.994558752 14.685454369
0.994235933 0.016556704 0.105928198 1.273319840 -0.017569963 0.999808311 0.008639414 1.915795803 -0.105764866 -0.010450770 0.994336128 15.012292862
0.994110286 0.017150050 0.107007675 1.315239549 -0.018078376 0.999806821 0.007711239 1.957355261 -0.106854759 -0.009600347 0.994228303 15.299988747
0.993943751 0.017974082 0.108410381 1.350505352 -0.018823063 0.999799669 0.006812837 1.990548611 -0.108266197 -0.008812191 0.994082868 15.615860939
0.993773043 0.017823298 0.109987810 1.391276360 -0.018584635 0.999809861 0.005900685 2.031921864 -0.109861724 -0.007908025 0.993915439 15.944871902
0.993617058 0.018227315 0.111322805 1.432906270 -0.018900877 0.999808967 0.004998143 2.080199242 -0.111210413 -0.007070339 0.993771732 16.260612488
0.993472874 0.018790293 0.112510085 1.478924513 -0.019439681 0.999800146 0.004677446 2.118267775 -0.112399697 -0.006834076 0.993639588 16.589212418
0.993255258 0.019435328 0.114307374 1.512954712 -0.020055411 0.999789715 0.004277116 2.160158634 -0.114200205 -0.006540749 0.993436217 16.917339325
0.993088663 0.019102639 0.115801439 1.562878847 -0.019654855 0.999800205 0.003628534 2.206054688 -0.115708999 -0.005879517 0.993265688 17.240856171
0.992919147 0.019287409 0.117215700 1.598248482 -0.019729098 0.999801934 0.002608952 2.255643368 -0.117142148 -0.004903038 0.993103147 17.554798126
0.992800295 0.019149717 0.118240774 1.646622181 -0.019513845 0.999807715 0.001922520 2.290792942 -0.118181214 -0.004216010 0.992983043 17.874670029
0.992628872 0.019309571 0.119645528 1.686763048 -0.019574149 0.999807894 0.001036422 2.337143183 -0.119602524 -0.003370742 0.992816150 18.212064743
0.992478669 0.019741615 0.120815210 1.735140324 -0.020018183 0.999799073 0.001075812 2.365563869 -0.120769687 -0.003486223 0.992674410 18.530265808
0.992302835 0.020245397 0.122168563 1.771080375 -0.020459827 0.999790549 0.000500854 2.419056654 -0.122132823 -0.002996546 0.992509186 18.872014999
0.992141664 0.020508362 0.123427399 1.812076569 -0.020704409 0.999785602 0.000305795 2.457911253 -0.123394653 -0.002858882 0.992353559 19.192140579
0.991968095 0.021327196 0.124676287 1.857738733 -0.021469999 0.999769449 -0.000198294 2.502569914 -0.124651745 -0.002480098 0.992197394 19.531599045
0.991799116 0.021968853 0.125904649 1.901391745 -0.022086564 0.999755919 -0.000461135 2.539816380 -0.125884071 -0.002323448 0.992042243 19.850513458
0.991605341 0.023495976 0.127148554 1.930826664 -0.023581397 0.999721587 -0.000833665 2.583660841 -0.127132744 -0.002171673 0.991883337 20.167921066
0.991443396 0.024036003 0.128305212 1.977714777 -0.024107289 0.999708891 -0.000997602 2.623038292 -0.128291816 -0.002104025 0.991734266 20.501937866
0.991276026 0.023583297 0.129675344 2.025027037 -0.023593431 0.999720633 -0.001458310 2.667751789 -0.129673481 -0.001613898 0.991555393 20.832536697
0.991163254 0.023554029 0.130539343 2.079698086 -0.023498382 0.999721944 -0.001966844 2.715835571 -0.130549371 -0.001118000 0.991441131 21.161931992
0.991026938 0.023314390 0.131613329 2.130160332 -0.023243982 0.999727607 -0.002071480 2.756859541 -0.131625786 -0.001006326 0.991298914 21.486312866
0.990846097 0.023263516 0.132976398 2.180464268 -0.023268476 0.999728084 -0.001516902 2.800785303 -0.132975563 -0.001591142 0.991118014 21.829324722
0.990630150 0.022691200 0.134673551 2.232845068 -0.022856157 0.999738693 -0.000321309 2.831665277 -0.134645656 -0.002759821 0.990889907 22.142751694
0.990459204 0.022425581 0.135969475 2.276340485 -0.022678835 0.999742746 0.000313667 2.875095129 -0.135927454 -0.003394303 0.990713120 22.484083176
0.990340948 0.022194790 0.136866033 2.331306934 -0.022478724 0.999747157 0.000529123 2.918409586 -0.136819705 -0.003600585 0.990589440 22.818941116
0.990156710 0.021688867 0.138272494 2.384040117 -0.022041183 0.999756575 0.001017115 2.949233055 -0.138216779 -0.004054793 0.990393698 23.144262314
0.989964724 0.021389604 0.139686659 2.420250654 -0.021761386 0.999762535 0.001134549 2.992551565 -0.139629200 -0.004162938 0.990195155 23.461906433
0.989858091 0.021686176 0.140395522 2.483644485 -0.022092216 0.999755025 0.001334050 3.040018320 -0.140332192 -0.004422167 0.990094602 23.821754456
0.989699066 0.021251978 0.141577020 2.533081770 -0.021711439 0.999762774 0.001701205 3.077421427 -0.141507253 -0.004757521 0.989925742 24.146884918
0.989528298 0.020109609 0.142931238 2.589341164 -0.020594019 0.999786079 0.001910429 3.114883423 -0.142862231 -0.004833953 0.989730716 24.481594086
0.989322186 0.020397045 0.144310012 2.636172533 -0.020887405 0.999780059 0.001883573 3.151853561 -0.144239828 -0.004877723 0.989530683 24.798046112
0.989128351 0.021722209 0.145441234 2.683182478 -0.022172894 0.999752998 0.001478222 3.198878288 -0.145373195 -0.004687005 0.989365757 25.150121689
0.989002645 0.023126097 0.146078780 2.724641800 -0.023511468 0.999723136 0.000911883 3.243138552 -0.146017238 -0.004336381 0.989272654 25.457368851
0.988878906 0.024197465 0.146741211 2.772793770 -0.024581416 0.999697506 0.000803426 3.280761003 -0.146677390 -0.004401598 0.989174604 25.779350281
0.988780975 0.025101829 0.147248283 2.822046041 -0.025511775 0.999674141 0.000895823 3.318115711 -0.147177801 -0.004642338 0.989099205 26.109643936
0.988653660 0.025680624 0.148001835 2.867486954 -0.026099302 0.999658942 0.000887129 3.363553047 -0.147928581 -0.004739807 0.988986731 26.433380127
0.988531649 0.025740042 0.148803711 2.919648170 -0.026140027 0.999658048 0.000732525 3.408746719 -0.148733959 -0.004613859 0.988866508 26.768810272
0.988398492 0.026198631 0.149606511 2.970458031 -0.026618740 0.999645352 0.000805958 3.433105230 -0.149532363 -0.004778945 0.988745332 27.074855804
0.988284707 0.025427368 0.150488630 3.027423382 -0.025736608 0.999668777 0.000107301 3.485371828 -0.150436044 -0.003979110 0.988611698 27.413848877
0.988138378 0.025700243 0.151400715 3.072211266 -0.025945226 0.999663353 -0.000357469 3.520876408 -0.151358947 -0.003574897 0.988472462 27.728685379
0.988053799 0.025061237 0.152057812 3.132874727 -0.025174621 0.999682367 -0.001179784 3.566578388 -0.152039081 -0.002662307 0.988370895 28.052062988
0.987949550 0.024795657 0.152776778 3.176357985 -0.024877639 0.999689519 -0.001375238 3.588908672 -0.152763441 -0.002442059 0.988259733 28.345119476
0.987888932 0.024236511 0.153257713 3.241714001 -0.024204358 0.999704838 -0.002075842 3.640574217 -0.153262779 -0.001658802 0.988184154 28.672971725
0.987693310 0.024825022 0.154420525 3.280541897 -0.024732307 0.999690950 -0.002521791 3.673046350 -0.154435396 -0.001328420 0.988002062 28.971902847
0.987552047 0.025008507 0.155291587 3.334820747 -0.024872947 0.999686658 -0.002816282 3.713249683 -0.155313388 -0.001081333 0.987864673 29.306690216
0.987456799 0.025447126 0.155825362 3.384555101 -0.025229609 0.999675989 -0.003373882 3.750911951 -0.155860722 -0.000599850 0.987778962 29.606153488
0.987416506 0.025135428 0.156130463 3.441612005 -0.024902411 0.999683976 -0.003448571 3.783882141 -0.156167835 -0.000482849 0.987730443 29.924919128
0.987330079 0.025188196 0.156667426 3.493475676 -0.024992747 0.999682486 -0.003217679 3.819772959 -0.156698748 -0.000738638 0.987646222 30.237276077
0.987208962 0.025565809 0.157367513 3.547122955 -0.025325797 0.999673069 -0.003530545 3.867895603 -0.157406345 -0.000500072 0.987533808 30.564624786
0.987112463 0.025100483 0.158046395 3.601584911 -0.024874946 0.999684870 -0.003405323 3.910193920 -0.158082083 -0.000569958 0.987425804 30.879295349
0.987018824 0.025183449 0.158617213 3.661020279 -0.024990462 0.999682665 -0.003211497 3.946686506 -0.158647731 -0.000794110 0.987334967 31.192979813
0.986821592 0.025564907 0.159779429 3.703203201 -0.025455629 0.999672353 -0.002731042 3.986090899 -0.159796894 -0.001372235 0.987149000 31.520215988
0.986651957 0.025781769 0.160788983 3.755051136 -0.025720797 0.999666214 -0.002460886 4.027287006 -0.160798743 -0.001707583 0.986985743 31.818437576
0.986521542 0.026682518 0.161441162 3.800721645 -0.026637631 0.999642193 -0.002442829 4.061022758 -0.161448583 -0.001890507 0.986879289 32.114822388
0.986510277 0.026585510 0.161525548 3.861230373 -0.026513524 0.999645174 -0.002601469 4.097563744 -0.161537394 -0.001716236 0.986865103 32.439186096
0.986434758 0.026790895 0.161952808 3.915038824 -0.026650945 0.999640346 -0.003036906 4.142736912 -0.161975905 -0.001320485 0.986793876 32.746223450
0.986267209 0.027713185 0.162815645 3.962960243 -0.027565639 0.999615073 -0.003165712 4.184605122 -0.162840709 -0.001365879 0.986651421 33.045738220
0.986142159 0.028102048 0.163505182 4.017590523 -0.027955581 0.999604046 -0.003197130 4.222819805 -0.163530260 -0.001418058 0.986537278 33.355945587
0.986003220 0.028218953 0.164320573 4.069042206 -0.028146036 0.999599993 -0.002772515 4.260325909 -0.164333075 -0.001891264 0.986403048 33.670154572
0.985879302 0.028645663 0.164989293 4.121002197 -0.028630365 0.999586940 -0.002471390 4.294367313 -0.164991960 -0.002287210 0.986292303 33.973823547
0.985759079 0.028266106 0.165771171 4.175899029 -0.028282057 0.999597430 -0.002264761 4.332873344 -0.165768445 -0.002455840 0.986161649 34.313323975
0.985711515 0.028246006 0.166057229 4.231041431 -0.028317865 0.999597073 -0.001935393 4.369561195 -0.166044965 -0.002794646 0.986114264 34.628364563
0.985602736 0.028786257 0.166609019 4.289701462 -0.028914545 0.999580503 -0.001656146 4.406252384 -0.166586787 -0.003185121 0.986021638 34.946475983
0.985460162 0.028499942 0.167499498 4.342164993 -0.028704211 0.999587238 -0.001201927 4.443040371 -0.167464629 -0.003623490 0.985871375 35.266792297
0.985393286 0.027856059 0.168000937 4.406364441 -0.028031100 0.999606192 -0.001329977 4.481580257 -0.167971805 -0.003398699 0.985785961 35.601444244
0.985280097 0.026996426 0.168802455 4.467318058 -0.027149159 0.999630392 -0.001403564 4.521113873 -0.168777958 -0.003199941 0.985648930 35.923801422
0.985132635 0.027811036 0.169529364 4.522137165 -0.027996158 0.999607146 -0.001298788 4.558874607 -0.169498906 -0.003466692 0.985524237 36.253334045
0.984937549 0.028432794 0.170556709 4.577428341 -0.028565671 0.999590516 -0.001675395 4.590850353 -0.170534506 -0.003221908 0.985346377 36.569370270
0.984844685 0.029486442 0.170913741 4.637156010 -0.029569253 0.999560535 -0.002061698 4.638961315 -0.170899451 -0.003023339 0.985283852 36.909385681
0.984745562 0.030306742 0.171340853 4.689634800 -0.030316595 0.999537051 -0.002559691 4.677042007 -0.171339110 -0.002673828 0.985208511 37.234222412
0.984681308 0.031602107 0.171476215 4.741804600 -0.031583406 0.999497116 -0.002837858 4.717566490 -0.171479657 -0.002621417 0.985184252 37.581390381
0.984558761 0.033401839 0.171837851 4.796173096 -0.033385001 0.999438107 -0.002988694 4.759852409 -0.171841145 -0.002794262 0.985120714 37.917362213
0.984465718 0.033334509 0.172383010 4.857191563 -0.033289313 0.999440789 -0.003153852 4.798841953 -0.172391742 -0.002633653 0.985024929 38.265308380
0.984363794 0.034012109 0.172832578 4.923300743 -0.033933390 0.999418199 -0.003410933 4.844348431 -0.172848061 -0.002507197 0.984945297 38.608013153
0.984231532 0.035128392 0.173361421 4.982183456 -0.035084352 0.999378800 -0.003319364 4.882608891 -0.173370346 -0.002815249 0.984852612 38.931346893
0.984128237 0.034448307 0.174082890 5.049165249 -0.034405649 0.999402583 -0.003263724 4.923170567 -0.174091339 -0.002777512 0.984725595 39.294399261
0.984002113 0.034697808 0.174745724 5.109574795 -0.034610067 0.999394536 -0.003550470 4.974285603 -0.174763128 -0.002554291 0.984607160 39.678050995
0.983985424 0.034747113 0.174829230 5.170689583 -0.034618065 0.999393582 -0.003788587 5.020276546 -0.174854830 -0.002324336 0.984591603 40.008850098
0.983880699 0.035338767 0.175299481 5.243075371 -0.035205491 0.999372721 -0.003871029 5.058670521 -0.175326332 -0.002362874 0.984507561 40.360721588
0.983800650 0.035384320 0.175739184 5.316889763 -0.035194606 0.999371707 -0.004197214 5.101752281 -0.175777286 -0.002055849 0.984427869 40.710010529
0.983689606 0.035528619 0.176330239 5.382878304 -0.035364196 0.999366224 -0.004075884 5.152249813 -0.176363319 -0.002226372 0.984322608 41.089630127
0.983586431 0.036193080 0.176770523 5.437191963 -0.036104318 0.999341130 -0.003719600 5.195510864 -0.176788643 -0.002723631 0.984245062 41.442077637
0.983517587 0.035841212 0.177224621 5.503356457 -0.035892509 0.999351442 -0.002917479 5.233212948 -0.177214220 -0.003491643 0.984166086 41.799568176
0.983444154 0.036298010 0.177538842 5.566749573 -0.036430091 0.999333024 -0.002516853 5.278299809 -0.177511767 -0.003992571 0.984110594 42.158531189
0.983360767 0.035957668 0.178069279 5.646449566 -0.036096156 0.999345303 -0.002463008 5.324786186 -0.178041264 -0.004005590 0.984014809 42.533401489
0.983246446 0.036226582 0.178644732 5.707514763 -0.036445059 0.999333560 -0.002059718 5.371147156 -0.178600281 -0.004485507 0.983911455 42.906158447
0.983085573 0.036241859 0.179525495 5.771964073 -0.036583412 0.999329686 -0.001408973 5.409907341 -0.179456234 -0.005182514 0.983752310 43.257869720
0.983003020 0.036808480 0.179861382 5.840505123 -0.037227817 0.999306262 -0.001044612 5.452913284 -0.179775059 -0.005668989 0.983691394 43.620849609
0.982924938 0.037333947 0.180179462 5.912182808 -0.037705980 0.999288023 -0.001360976 5.493665218 -0.180101931 -0.005456104 0.983632803 43.987892151
0.982867181 0.037528936 0.180453897 5.980162144 -0.037815362 0.999283135 -0.001853905 5.548987865 -0.180394068 -0.005001788 0.983581662 44.355407715
0.982769966 0.037866715 0.180912390 6.048951149 -0.038129508 0.999270737 -0.002026169 5.596586704 -0.180857152 -0.004906843 0.983497143 44.727474213
0.982609510 0.038728774 0.181600332 6.109068871 -0.038907114 0.999239445 -0.002581605 5.640704155 -0.181562215 -0.004528836 0.983368993 45.095985413
0.982527971 0.038714588 0.182043880 6.189397812 -0.038774841 0.999242723 -0.003229478 5.688729286 -0.182031050 -0.003885670 0.983285129 45.466045380
0.982382357 0.038773444 0.182816103 6.250375748 -0.038812730 0.999240816 -0.003364427 5.718082428 -0.182807773 -0.003790438 0.983141363 45.814216614
0.982307076 0.038949642 0.183182582 6.317164421 -0.038957138 0.999234557 -0.003559065 5.788284779 -0.183180988 -0.003640175 0.983072460 46.217193604
0.982309520 0.038491007 0.183265805 6.389178276 -0.038585078 0.999250591 -0.003053892 5.820786953 -0.183246002 -0.004071457 0.983058631 46.587375641
0.982176304 0.038873624 0.183898270 6.453733444 -0.038920000 0.999236643 -0.003358695 5.879816055 -0.183888465 -0.003858488 0.982939541 46.970382690
0.982103348 0.039747857 0.184100553 6.519272804 -0.039818853 0.999201477 -0.003312733 5.909704208 -0.184085175 -0.004077228 0.982901752 47.302391052
0.982019365 0.041021757 0.184269369 6.587782860 -0.041117363 0.999148786 -0.003303877 5.957624435 -0.184248045 -0.004332199 0.982870221 47.696708679
0.981935143 0.042245910 0.184441417 6.652324677 -0.042359017 0.999096930 -0.003328720 6.010765553 -0.184415489 -0.004544169 0.982837796 48.072402954
0.981871009 0.042907108 0.184630290 6.708781242 -0.043068640 0.999067187 -0.003137329 6.053120613 -0.184592679 -0.004871322 0.982803047 48.456707001
0.981901586 0.042257391 0.184617445 6.785655022 -0.042443812 0.999094546 -0.002943825 6.097029686 -0.184574693 -0.004945323 0.982806027 48.829364777
0.981894612 0.042608362 0.184573635 6.860803604 -0.042814784 0.999078989 -0.002868826 6.140880585 -0.184525847 -0.005085595 0.982814491 49.190639496
0.981881142 0.041915003 0.184804425 6.931774139 -0.042130381 0.999108374 -0.002762952 6.188190460 -0.184755459 -0.005072991 0.982771397 49.578937531
0.981740892 0.042621594 0.185386747 7.000268936 -0.042761918 0.999080062 -0.003243289 6.244081974 -0.185354441 -0.004743424 0.982660234 49.957138062
0.981736362 0.041564535 0.185650229 7.071169376 -0.041705389 0.999125123 -0.003148225 6.280555248 -0.185618669 -0.004651888 0.982610822 50.335327148
0.981723249 0.041457303 0.185743645 7.150560856 -0.041561730 0.999130309 -0.003333200 6.334958076 -0.185720295 -0.004447549 0.982592583 50.734687805
0.981737435 0.040757131 0.185823694 7.221597672 -0.040875118 0.999159098 -0.003197752 6.363800049 -0.185797751 -0.004456214 0.982577920 51.088218689
0.981753886 0.040652592 0.185759619 7.299139023 -0.040874068 0.999160767 -0.002638872 6.405737400 -0.185710981 -0.005002029 0.982591689 51.482192993
0.981804311 0.040127508 0.185607657 7.380805969 -0.040311113 0.999183238 -0.002786087 6.452876568 -0.185567856 -0.004746658 0.982620001 51.859382629
0.981706560 0.039449301 0.186268181 7.441646576 -0.039578620 0.999211907 -0.003025841 6.502993584 -0.186240733 -0.004401747 0.982494235 52.248268127
0.981683731 0.040216975 0.186224654 7.513853073 -0.040344924 0.999180973 -0.003104209 6.556325912 -0.186196998 -0.004465870 0.982502282 52.612083435
0.981707096 0.040264241 0.186091065 7.585463524 -0.040404003 0.999178767 -0.003043027 6.602908611 -0.186060756 -0.004531461 0.982527792 52.993717194
0.981657028 0.040459469 0.186312839 7.653353691 -0.040669750 0.999168992 -0.002694912 6.641600609 -0.186267063 -0.004931817 0.982486784 53.355911255
0.981654644 0.040296502 0.186360776 7.725815296 -0.040541489 0.999174833 -0.002497861 6.688395500 -0.186307624 -0.005103305 0.982478201 53.752670288
0.981670797 0.040496424 0.186232537 7.797777653 -0.040771950 0.999165654 -0.002351951 6.735920906 -0.186172426 -0.005284222 0.982502937 54.126579285
0.981644452 0.040844426 0.186295241 7.868066788 -0.041108087 0.999151707 -0.002449029 6.777316570 -0.186237231 -0.005254165 0.982490778 54.479412079
0.981716692 0.041339092 0.185805097 7.948089600 -0.041549627 0.999132514 -0.002762460 6.830517769 -0.185758144 -0.005008179 0.982582688 54.849998474
0.981730521 0.040115379 0.186000034 8.013795853 -0.040328886 0.999182999 -0.002637122 6.868624210 -0.185953856 -0.004912232 0.982546210 55.230880737
0.981809556 0.039272007 0.185762599 8.091131210 -0.039485678 0.999216855 -0.002550748 6.913712502 -0.185717285 -0.004830615 0.982591391 55.616451263
0.981822848 0.039764609 0.185587749 8.156263351 -0.039987821 0.999196947 -0.002541819 6.959205627 -0.185539797 -0.004925633 0.982624412 55.979209900
0.981856227 0.039024521 0.185567588 8.226696968 -0.039189212 0.999227881 -0.002781868 7.005593777 -0.185532883 -0.004540852 0.982627511 56.338939667
0.981863141 0.039316136 0.185469598 8.292326927 -0.039552208 0.999214530 -0.002428440 7.044682503 -0.185419410 -0.004951335 0.982647002 56.709373474
0.981986225 0.038237389 0.185043007 8.364338875 -0.038525697 0.999255478 -0.002038554 7.091624260 -0.184983209 -0.005127080 0.982728243 57.059871674
0.982084811 0.038343575 0.184496820 8.428506851 -0.038647160 0.999251008 -0.001951598 7.137090206 -0.184433460 -0.005213643 0.982831180 57.427059174
0.982175052 0.037456647 0.184198886 8.518457413 -0.037696365 0.999286771 -0.002201473 7.177234173 -0.184149995 -0.004781398 0.982886374 57.815391541
0.982100964 0.037190355 0.184647068 8.572466850 -0.037423786 0.999297023 -0.002221942 7.214193344 -0.184599906 -0.004728020 0.982802391 58.195938110
0.982096374 0.037969872 0.184513018 8.638994217 -0.038152222 0.999268651 -0.002563210 7.260721684 -0.184475392 -0.004522263 0.982826710 58.559234619
0.982234240 0.037827458 0.183807254 8.716255188 -0.037917335 0.999276340 -0.003027013 7.306226730 -0.183788732 -0.003996243 0.982957602 58.931922913
0.982238829 0.038226888 0.183700189 8.778512955 -0.038336542 0.999260485 -0.002955819 7.343512535 -0.183677360 -0.004139109 0.982977867 59.304542542
0.982392073 0.037969161 0.182932109 8.841196060 -0.038078960 0.999270558 -0.002913584 7.387171268 -0.182909295 -0.004103583 0.983121216 59.658321381
0.982467711 0.038579255 0.182397798 8.912103653 -0.038802925 0.999244153 -0.002343636 7.433921337 -0.182350397 -0.004775022 0.983222067 60.022655487
0.982431591 0.038714953 0.182563767 8.953819275 -0.039120261 0.999233603 -0.001381977 7.481579781 -0.182477355 -0.005784244 0.983193040 60.377410889
0.982466817 0.038085692 0.182505891 9.016597748 -0.038720984 0.999250054 -0.000082413 7.523460865 -0.182372168 -0.006985842 0.983204782 60.720649719
0.982563019 0.036865935 0.182238385 9.086316109 -0.037676726 0.999289453 0.000987783 7.570295334 -0.182072505 -0.007836704 0.983253837 61.080440521
0.982620716 0.035834644 0.182133004 9.146951675 -0.036755685 0.999322832 0.001682941 7.609698296 -0.181949362 -0.008348116 0.983272493 61.402484894
0.982676923 0.034939066 0.182003751 9.218442917 -0.035871357 0.999354780 0.001831962 7.652799606 -0.181822315 -0.008328947 0.983296156 61.751350403
0.982689738 0.035131831 0.181896910 9.278967857 -0.036019962 0.999349833 0.001580362 7.696983337 -0.181723103 -0.008104926 0.983316362 62.131622314
0.982765257 0.035258006 0.181464255 9.319204330 -0.035985164 0.999352038 0.000715347 7.731906414 -0.181321457 -0.007233040 0.983397305 62.394897461
0.982868791 0.034748200 0.181001291 9.378469467 -0.035249498 0.999378443 -0.000447400 7.771460533 -0.180904329 -0.005940468 0.983482778 62.720741272
0.983012199 0.034262802 0.180313662 9.443250656 -0.034586873 0.999400795 -0.001347385 7.808363914 -0.180251777 -0.004911990 0.983608365 63.026504517
0.983114123 0.034568839 0.179698557 9.496721268 -0.034754261 0.999393702 -0.002117269 7.846396446 -0.179662779 -0.004163773 0.983719528 63.343444824
0.983267248 0.034214117 0.178926781 9.561692238 -0.034307878 0.999408066 -0.002571101 7.891622543 -0.178908810 -0.003610520 0.983859062 63.677932739
0.983271480 0.033854343 0.178972170 9.608037949 -0.033927742 0.999420762 -0.002651589 7.918200493 -0.178958252 -0.003464890 0.983850539 63.993465424
0.983411789 0.033463024 0.178273603 9.661315918 -0.033572488 0.999433339 -0.002403532 7.937695026 -0.178253025 -0.003621427 0.983978033 64.297073364
0.983500183 0.033493638 0.177779183 9.713775635 -0.033634033 0.999431729 -0.002224841 7.969946384 -0.177752659 -0.003791299 0.984067917 64.598190308
0.983536720 0.034412023 0.177401647 9.761304855 -0.034698889 0.999396682 -0.001486115 8.004294395 -0.177345768 -0.004693990 0.984137416 64.911895752
0.983634770 0.034715943 0.176797628 9.815618515 -0.035052303 0.999384761 -0.001221242 8.038424492 -0.176731229 -0.004995908 0.984246492 65.221282959
0.983751595 0.035521548 0.175985783 9.868664742 -0.035880055 0.999355435 -0.001145483 8.072710991 -0.175913036 -0.005187510 0.984392047 65.529846191
0.983807266 0.035686508 0.175641119 9.915701866 -0.035939168 0.999352455 -0.001743234 8.110066414 -0.175589621 -0.004597391 0.984452724 65.864631653
0.983862340 0.037368465 0.174981102 9.962152481 -0.037470859 0.999294043 -0.002719799 8.153892517 -0.174959213 -0.003880785 0.984568059 66.157325745
0.984038472 0.037236225 0.174016416 10.017466545 -0.037215196 0.999301553 -0.003384944 8.190054893 -0.174020901 -0.003145139 0.984736919 66.450111389
0.984136641 0.037513282 0.173400268 10.077559471 -0.037415504 0.999292433 -0.003833717 8.223677635 -0.173421383 -0.002714957 0.984843969 66.769851685
0.984194577 0.037430063 0.173089504 10.123338699 -0.037145715 0.999297857 -0.004882907 8.284485817 -0.173150763 -0.001623802 0.984894037 67.110443115
0.984260559 0.037250709 0.172753036 10.173648834 -0.037003446 0.999304354 -0.004652710 8.317814827 -0.172806174 -0.001812979 0.984954238 67.421432495
0.984387994 0.036786139 0.172124848 10.233805656 -0.036657061 0.999320209 -0.003929457 8.338119507 -0.172152370 -0.002441482 0.985067308 67.742080688
0.984517395 0.035823826 0.171586812 10.282748222 -0.035630699 0.999356151 -0.004206121 8.387642860 -0.171627030 -0.001972760 0.985159993 68.054321289
0.984645307 0.035293233 0.170961857 10.329457283 -0.035085484 0.999375284 -0.004237351 8.411011696 -0.171004638 -0.001825993 0.985268474 68.348365784
0.984792531 0.034736432 0.170226112 10.389067650 -0.034428153 0.999395669 -0.004763418 8.454840660 -0.170288727 -0.001169591 0.985393524 68.672332764
0.984935880 0.034704629 0.169401690 10.446169853 -0.034432523 0.999396622 -0.004544689 8.487083435 -0.169457212 -0.001356700 0.985536695 68.999549866
0.985126317 0.034774881 0.168275923 10.503919601 -0.034415949 0.999394715 -0.005049927 8.530902863 -0.168349698 -0.000816560 0.985726953 69.306663513
0.985211253 0.034989715 0.167733446 10.544928551 -0.034655202 0.999387145 -0.004921981 8.562263489 -0.167802870 -0.000963645 0.985820115 69.635215759
0.985394359 0.034896746 0.166673675 10.594886780 -0.034698587 0.999389410 -0.004101744 8.593306541 -0.166715026 -0.001741505 0.986003578 69.935638428
0.985645890 0.035215858 0.165111810 10.642350197 -0.035114627 0.999377012 -0.003532959 8.628303528 -0.165133357 -0.002315593 0.986268520 70.245422363
0.985801458 0.035175893 0.164189354 10.692021370 -0.035132892 0.999377608 -0.003166719 8.669818878 -0.164198548 -0.002646691 0.986423731 70.564300537
0.985905528 0.034750335 0.163654074 10.736999512 -0.034732480 0.999392211 -0.002971394 8.706083298 -0.163657874 -0.002754597 0.986513376 70.882400513
0.985957861 0.034950614 0.163296029 10.766256332 -0.035005100 0.999383926 -0.002544687 8.747469902 -0.163284376 -0.003207240 0.986573815 71.180732727
0.986186743 0.033341374 0.162247092 10.830523491 -0.033466384 0.999437928 -0.001963254 8.780787468 -0.162221327 -0.003493688 0.986748219 71.517616272
0.986345649 0.032507859 0.161448166 10.889513969 -0.032621384 0.999465883 -0.001948239 8.821909904 -0.161425248 -0.003345024 0.986879289 71.812377930
0.986549020 0.031365592 0.160427973 10.944278717 -0.031495493 0.999502420 -0.001733754 8.858939171 -0.160402536 -0.003342324 0.987046003 72.109283447
0.986730754 0.031176139 0.159343839 10.994377136 -0.031329423 0.999507844 -0.001550714 8.898162842 -0.159313783 -0.003462014 0.987221956 72.431838989
0.986836076 0.030984782 0.158728167 11.031896591 -0.031173252 0.999513090 -0.001302967 8.921504021 -0.158691272 -0.003662257 0.987321496 72.730346680
0.986937046 0.031683177 0.157960564 11.070285797 -0.031826857 0.999492049 -0.001620554 8.976067543 -0.157931685 -0.003428003 0.987444043 73.063842773
0.987082779 0.031777881 0.157027319 11.123476028 -0.031943873 0.999488592 -0.001467174 9.000934601 -0.156993657 -0.003567838 0.987593114 73.378837585
0.987186968 0.032737505 0.156173572 11.153871536 -0.032860447 0.999458313 -0.001795234 9.047374725 -0.156147748 -0.003359700 0.987728000 73.680580139
0.987390995 0.032050550 0.155022144 11.205105782 -0.032185216 0.999480546 -0.001641773 9.079926491 -0.154994249 -0.003368349 0.987909615 73.990524292
0.987541616 0.032568794 0.153950572 11.245774269 -0.032697689 0.999463797 -0.001695380 9.125935555 -0.153923273 -0.003359570 0.988077164 74.301971436
0.987677455 0.032619622 0.153066278 11.288716316 -0.032882471 0.999458849 -0.000814650 9.156833649 -0.153010011 -0.004228585 0.988215506 74.631332397
0.987806261 0.032114185 0.152340189 11.325952530 -0.032431386 0.999473870 -0.000402878 9.191881180 -0.152272955 -0.004542637 0.988328099 74.935821533
0.987948418 0.032401290 0.151354462 11.374168396 -0.032740016 0.999463856 -0.000254158 9.237676620 -0.151281536 -0.004704253 0.988479495 75.235038757
0.988116980 0.032271616 0.150278404 11.423109055 -0.032725655 0.999464154 0.000548567 9.270865440 -0.150180236 -0.005460008 0.988643587 75.565101624
0.988253593 0.032165144 0.149399891 11.468220711 -0.032702487 0.999464512 0.001140794 9.304089546 -0.149283215 -0.006013143 0.988776207 75.874732971
0.988302171 0.032435987 0.149019346 11.496359825 -0.033014651 0.999453843 0.001410404 9.338567734 -0.148892239 -0.006313726 0.988833249 76.179016113
0.988395870 0.033756640 0.148102328 11.535181999 -0.034349363 0.999408722 0.001445462 9.369672775 -0.147965983 -0.006515909 0.988971055 76.482551575
0.988513649 0.033977911 0.147261947 11.585593224 -0.034509856 0.999403715 0.001058069 9.411343575 -0.147138208 -0.006127904 0.989096999 76.780830383
0.988516569 0.034128148 0.147208214 11.621429443 -0.034569684 0.999402165 0.000441269 9.454583168 -0.147105157 -0.005525142 0.989105403 77.072982788
0.988562286 0.033842463 0.146967143 11.674147606 -0.034250721 0.999413252 0.000247375 9.500272751 -0.146872565 -0.005278275 0.989141345 77.421684265
0.988524318 0.033803187 0.147231609 11.711801529 -0.034134496 0.999417186 -0.000276542 9.530121803 -0.147155151 -0.004752308 0.989102006 77.712440491
0.988574207 0.033137921 0.147047162 11.764228821 -0.033332415 0.999443710 -0.001141931 9.562945366 -0.147003174 -0.003772553 0.989128828 78.005798340
0.988590300 0.032674823 0.147042900 11.810428619 -0.032768466 0.999461353 -0.001786130 9.603821754 -0.147022069 -0.003052620 0.989128470 78.317321777
0.988564193 0.032371227 0.147285163 11.846086502 -0.032468569 0.999471247 -0.001743911 9.632499695 -0.147263765 -0.003058170 0.989092588 78.614326477
0.988593936 0.031556610 0.147262603 11.903733253 -0.031591717 0.999498665 -0.002101130 9.674462318 -0.147255093 -0.002575114 0.989095211 78.926055908
0.988561392 0.032247301 0.147331357 11.950309753 -0.032231055 0.999477267 -0.002498272 9.710628510 -0.147334889 -0.002278950 0.989084065 79.236282349
0.988604128 0.032547407 0.146977946 12.000999451 -0.032469377 0.999468386 -0.002930704 9.747216225 -0.146995202 -0.001874976 0.989135504 79.545532227
0.988562465 0.033059370 0.147144035 12.045829773 -0.032973506 0.999451637 -0.003023384 9.778584480 -0.147163287 -0.001863050 0.989110470 79.857063293
0.988500834 0.034211714 0.147294253 12.089352608 -0.034088805 0.999413133 -0.003359416 9.808978081 -0.147322774 -0.001700300 0.989086986 80.162857056
0.988540113 0.034807846 0.146890715 12.133328438 -0.034602344 0.999393344 -0.003954754 9.844654083 -0.146939218 -0.001173331 0.989144862 80.439254761
0.988440275 0.035907455 0.147297278 12.164977074 -0.035658326 0.999354601 -0.004332473 9.881863594 -0.147357792 -0.000969982 0.989082813 80.769088745
0.988420844 0.034886114 0.147673175 12.217761040 -0.034592796 0.999391139 -0.004554909 9.915214539 -0.147742137 -0.000606261 0.989025772 81.048347473
0.988344014 0.035051186 0.148146927 12.262857437 -0.034763455 0.999385297 -0.004531913 9.961784363 -0.148214713 -0.000671009 0.988954902 81.381958008
0.988305092 0.035411239 0.148320690 12.311894417 -0.035136335 0.999372482 -0.004474115 9.999944687 -0.148386031 -0.000789655 0.988929212 81.686592102
0.988232791 0.034606326 0.148991272 12.361777306 -0.034334142 0.999400675 -0.004399397 10.029265404 -0.149054229 -0.000767858 0.988828719 82.003364563
0.988136947 0.035001777 0.149532959 12.399912834 -0.034596749 0.999387264 -0.005309910 10.066005707 -0.149627149 0.000073564 0.988742411 82.308555603
0.988126934 0.034581315 0.149697170 12.448574066 -0.034071852 0.999401629 -0.005967433 10.097781181 -0.149813950 0.000796122 0.988713801 82.599830627
0.988104165 0.034742866 0.149809793 12.498501778 -0.034199111 0.999395788 -0.006205134 10.132832527 -0.149934843 0.001007957 0.988695383 82.899787903
0.988085449 0.034900811 0.149896383 12.550023079 -0.034383893 0.999390364 -0.006039558 10.177239418 -0.150015771 0.000813579 0.988683224 83.229072571
0.988052905 0.034265291 0.150256991 12.601453781 -0.033820413 0.999412656 -0.005515931 10.209988594 -0.150357738 0.000368278 0.988631606 83.539489746
0.987994373 0.034545183 0.150577724 12.645903587 -0.034133621 0.999403059 -0.005317750 10.248582840 -0.150671542 0.000114146 0.988583863 83.862579346
0.987919629 0.034300886 0.151123419 12.690413475 -0.033836253 0.999411345 -0.005645740 10.284970284 -0.151228100 0.000464088 0.988498807 84.157348633
0.987874031 0.033829588 0.151526690 12.745333672 -0.033327248 0.999427199 -0.005854360 10.319319725 -0.151637957 0.000733403 0.988435864 84.462333679
0.987894237 0.033215128 0.151531249 12.802495003 -0.032646216 0.999447346 -0.006241450 10.360582352 -0.151654854 0.001218971 0.988432765 84.768684387
0.987818599 0.032842025 0.152104586 12.850334167 -0.032297350 0.999459922 -0.006050915 10.387690544 -0.152221188 0.001064632 0.988345861 85.062690735
